time,x,y,z,phi,theta,psi,x_velocity,y_velocity,z_velocity,phi_velocity,theta_velocity,psi_velocity,rotor_speed1,rotor_speed2,rotor_speed3,rotor_speed4
0.06,5.84707996649e-08,5.63211804988e-09,10.0054459786,6.2827974406,6.28285367371,0.0,1.71113896128e-05,-1.63119920833e-05,0.181520458326,-0.0243242826594,-0.0198734233621,0.0,463.23832140346303,461.6732955273274,462.58665214918,460.66766248661395
0.12000000000000001,1.3877718063e-05,-1.6511374556e-05,10.0221509389,6.28119264331,6.28182280852,0.0,0.000571783118548,-0.000711209858315,0.375267049306,-0.0320935666679,-0.0122775274231,0.0,464.47578149559854,465.07109455429975,467.02976126832317,466.4233614952902
0.18,7.69985800772e-05,-0.00010441241982,10.046284524,6.27933592639,6.28118196568,0.0,0.00159760491892,-0.00239869585396,0.429166078032,-0.0287427006894,-0.00766444564967,0.0,422.20895687871416,422.6068224252121,421.8089338757642,422.0977782557384
0.23999999999999996,0.000231330490147,-0.000366458991537,10.0828739325,6.27802864727,6.28131059867,0.0,0.00356272455546,-0.00654485104313,0.790301585945,-0.0106174604279,0.0167815613245,0.0,512.3481103048175,514.0829489368475,512.861079307744,514.1466578491251
0.3,0.000476502643924,-0.000857139935957,10.131227576,6.27749815968,6.28229050394,0.0,0.00451841831479,-0.00986446618054,0.821464273408,-0.00550706441174,0.0154166687304,0.0,415.2754730428448,415.1556788017276,414.8393747485841,415.28792619669673
0.36000000000000004,0.0007639248781,-0.00157851232058,10.1855615449,6.27785264545,0.000142271359843,0.0,0.00495200221242,-0.0141719801268,0.989537452394,0.0222970381972,0.0207804328037,0.0,459.39794856723216,459.8229156819206,456.6761030690782,458.8882129557225
0.4200000000000001,0.00105441143109,-0.00251989257615,10.2451710604,6.27888683237,0.00130908623939,0.0,0.00462410925302,-0.0171001955471,0.997439952218,0.00446659909833,0.0166370524018,0.0,408.32243478710825,407.95267411554806,407.9519405657119,406.3568626572881
0.48000000000000015,0.00129592216065,-0.00364844085454,10.3114832466,6.27879320797,0.00205657181553,0.0,0.00332061040724,-0.0205019607055,1.21276270014,-0.017715752739,0.00241461252127,0.0,474.7749916374975,473.68254499301776,472.7961586123795,471.08425536762985
0.5400000000000001,0.00145095732531,-0.00497557295492,10.3877601381,6.27787536317,0.00176104528146,0.0,0.00184801510582,-0.0238382814287,1.32967089793,-0.0108533763513,-0.0266415203521,0.0,444.5446571227841,442.1576369973623,443.7794221712667,444.34238565713787
0.6000000000000002,0.00152981046465,-0.00652393570309,10.4716105057,6.27713807585,0.000349988409252,0.0,0.000941377647277,-0.027847214157,1.46517709946,-0.0153241267027,-0.0179063516358,0.0,449.83802818793225,450.5446941486527,449.5420538983436,449.17979659415096
0.6600000000000003,0.00158267573981,-0.00832441313669,10.5628681862,6.2769242411,6.28284333091,0.0,0.000909968349867,-0.0322195496316,1.57659801393,0.0131843717448,-0.0011308675499,0.0,442.29390324630884,443.6733347562946,441.10512391260704,443.4529600359355
0.7200000000000003,0.00164348721983,-0.0103646761394,10.6573046822,6.27756143223,6.28276079886,0.0,0.00112357748464,-0.0357271045215,1.57129288899,0.00492194976503,-0.00186944995881,0.0,403.51132336797565,403.44467751534535,406.1981367601122,405.4564562198348
0.7800000000000004,0.00172123155536,-0.0126408691861,10.7577070293,6.27755716443,6.28287307876,0.0,0.00146672568066,-0.0401243042655,1.77515823699,-0.0126234456334,0.0084636564318,0.0,470.99249190555355,471.79088449619144,471.42560490471647,470.06805946625
0.8400000000000004,0.00181345193899,-0.0151852658055,10.8702767037,6.27650572685,0.000833021201474,0.0,0.00150382900022,-0.0447900212405,1.97683711589,-0.0297759607047,0.0346289798649,0.0,470.42643741202437,472.4479724550166,471.3109166554412,469.9835162150511
0.9000000000000005,0.00188133075354,-0.0180019095639,10.9896479195,6.27455782226,0.00266429808272,0.0,0.000579616281812,-0.0492670382072,2.00215766576,-0.0384723594096,0.0206879417097,0.0,417.29352138876385,416.0752154360688,416.6081742835216,415.8466405677612
0.9600000000000005,0.00185836079979,-0.0211382485818,11.1120756955,6.27263845464,0.00388861786138,0.0,-0.00146634220652,-0.0554822280492,2.07862964928,-0.0214426950214,0.0198340817421,0.0,433.21940201101387,433.14759533763834,432.72896439567285,434.15960125437033
1.0200000000000005,0.0016839728429,-0.0246916704304,11.2400614771,6.27221499616,0.00544465238683,0.0,-0.00448980754444,-0.0630416004099,2.18735964912,0.0122516081817,0.0359640164808,0.0,442.8291492581859,444.1540680061169,442.8299209355321,445.5928593957505
1.0800000000000005,0.00129001658816,-0.0287040874809,11.3749144413,6.27342683317,0.00784720879652,0.0,-0.00888114469201,-0.0705974198184,2.30750396381,0.0326277122845,0.0471543185407,0.0,447.5457899573417,448.45642498145696,446.8753546644102,448.5331368764249
1.1400000000000006,0.000603670976493,-0.0331121978981,11.5140233368,6.27528437995,0.0108349985141,0.0,-0.0142601540557,-0.0761666320687,2.32941407532,0.0273943303518,0.0546152129948,0.0,416.1441437703071,416.798422942415,417.20842775289293,416.75165388475716
1.2000000000000006,-0.000509248198404,-0.0378533124382,11.6586246535,6.27679140886,0.0139855476919,0.0,-0.0231904065802,-0.0816928048017,2.49029060623,0.0201227726921,0.047925789266,0.0,460.59009569124095,460.0624477958749,461.82523543449713,461.2514302001915
1.2600000000000007,-0.00219989002093,-0.0428821735029,11.8109915598,6.27805686873,0.0168758667156,0.0,-0.0334543689351,-0.0858089061027,2.58838558551,0.0229601766268,0.0486597191613,0.0,442.75717604594956,442.8189797709906,441.6697949555642,441.90374083321746
1.3200000000000007,-0.00455069384424,-0.0481263996653,11.9683365899,6.27990219772,0.020166181939,0.0,-0.0452071144994,-0.0888381241538,2.65628853055,0.0429978726286,0.0649740806013,0.0,432.5431825076459,433.91695523785165,432.2369176349591,433.9226162898081
1.3800000000000008,-0.0076451807728,-0.0535064364809,12.1283448974,0.000577184614105,0.0237003260907,0.0,-0.0582807787152,-0.0901897849824,2.67726625286,0.0892096154525,0.0425899723223,0.0,418.04580516138236,416.09334758319494,417.20701385410644,421.225242585597
1.4400000000000008,-0.0116381305535,-0.0588860011443,12.2918362713,0.00595903617767,0.025799278193,0.0,-0.0750556144715,-0.0885865785057,2.77221393419,0.0906552502228,0.0119464609961,0.0,443.4921328299133,440.9685071301856,442.181156006997,442.30699401724786
1.5000000000000009,-0.0167231541841,-0.0640452871447,12.4629397967,0.0109384333889,0.0262164527643,0.0,-0.0945006185008,-0.0828076132374,2.93083824002,0.0596730271942,-0.0056004614086,0.0,462.53164672058136,461.1475989291736,464.0886177731843,461.65541320267624
1.560000000000001,-0.022944245004,-0.068769977874,12.6421980814,0.0143488969805,0.0256823303101,0.0,-0.112817322363,-0.0743216001962,3.04413976092,0.0504745470305,-0.016494236422,0.0,450.4897459157295,449.60811870477056,448.9685615725782,448.22378876886694
1.620000000000001,-0.030188039982,-0.0729530352457,12.8257548179,0.0170269778142,0.0255570327485,0.0,-0.128598283539,-0.0648498450291,3.07433393698,0.0291805391732,0.0172405900262,0.0,422.0892706546174,424.99073738928126,424.16791563368963,422.33641725883245
1.680000000000001,-0.0384493084756,-0.0764772878631,13.0137131809,0.0183081387622,0.0268813512385,0.0,-0.146893975237,-0.0524634120377,3.19062017235,-0.00285244870803,0.0303103894519,0.0,451.03426414345824,452.0886104048579,451.85107004250534,449.26123728853776
1.740000000000001,-0.0477545483662,-0.0792959743039,13.205528788,0.0179320424868,0.0290335713303,0.0,-0.163458395931,-0.0415164972722,3.20319146484,-0.0141669621871,0.0451523100926,0.0,418.05521310538035,419.34713733459245,418.73168539886757,417.74629974991353
1.8000000000000012,-0.058103448317,-0.0814620410833,13.3983662935,0.016860711654,0.0320807705106,0.0,-0.181765143967,-0.030772150968,3.22465577987,-0.0264994286074,0.0601718666,0.0,421.2407568746349,422.5393687919753,421.68652406538365,420.6198443676187
1.8600000000000012,-0.0698219828602,-0.0828979435266,13.5989737072,0.0148636324632,0.0359122269584,0.0,-0.209286048186,-0.0173147149933,3.46155601354,-0.0524735074209,0.0703607958906,0.0,486.9970785874369,487.7611683312333,489.2435665410647,487.30534135083366
1.9200000000000013,-0.0831062321683,-0.0836545564235,13.8087912897,0.0115255266641,0.0405793466614,0.0,-0.233951284501,-0.00822433304024,3.53213099988,-0.0628532956998,0.0895562656927,0.0,438.90988249807566,440.5049290270679,439.039988435038,438.1757242942008
1.9800000000000013,-0.0978761440791,-0.0839569843266,14.0206697022,0.00720005123753,0.0458927887742,0.0,-0.258844021453,-0.00219483527704,3.5304661517,-0.106227494451,0.0864822639456,0.0,416.54944696439134,416.287628023775,417.6234036044485,413.81722609425486
2.0400000000000014,-0.114164149451,-0.0839915084455,14.2309849572,0.000436833460256,0.0508858465474,0.0,-0.284503746233,0.000525025030051,3.48017452019,-0.130668861473,0.0757295273584,0.0,399.99497381213104,399.02093253437044,400.5031709709422,398.26043425851975
2.1000000000000014,-0.132414467444,-0.0839830463649,14.4448978064,6.27580398328,0.0562327979779,0.0,-0.324377559336,-0.00112112288428,3.64968871415,-0.129580784343,0.107475751564,0.0,468.52991564086557,470.9974697681231,469.92206898537773,469.9918550047375
2.1600000000000015,-0.153059443075,-0.0842312982145,14.6667770453,6.26750563494,0.0625922248328,0.0,-0.364420036122,-0.00795350519111,3.74592008235,-0.168072324843,0.102843665926,0.0,448.5953211338071,448.22872928349864,450.6300100270429,447.4886997867399
2.2200000000000015,-0.1761116457,-0.0850347066833,14.8924581048,6.25747719421,0.068848518933,0.0,-0.404550587872,-0.0197472153721,3.77661634378,-0.165342055445,0.1069823218,0.0,427.9415046954287,428.3035905962839,429.0297742860265,429.2337348945433
2.2800000000000016,-0.202117107916,-0.0868989109214,15.1260648174,6.24790331947,0.0756108742566,0.0,-0.463046607311,-0.0435524300103,4.00938010068,-0.149987835304,0.122211309398,0.0,490.3787436026991,491.51858913479424,489.65055217372253,490.76976744926026
2.3400000000000016,-0.231503623051,-0.0902799885591,15.3697315882,6.23865139479,0.0832986607346,0.0,-0.51724693335,-0.0700669833138,4.11236543741,-0.164320048832,0.137903708116,0.0,453.1898641333981,454.4639935084067,454.49558175645365,453.32321478256847
2.4000000000000017,-0.264269458165,-0.0954272611408,15.6191359221,6.22874950256,0.0915396222524,0.0,-0.575747946658,-0.102480281367,4.20064881375,-0.166491823566,0.13621825742,0.0,451.17637408037297,451.05742434773254,449.65688743962124,449.4552383241084
2.4600000000000017,-0.300473021196,-0.102575592885,15.8712435422,6.21867824107,0.0992085723455,0.0,-0.631739577287,-0.136669702708,4.20278551106,-0.170724770882,0.100261011556,0.0,425.4619104648529,422.38681200267905,423.5346852074251,423.14189979755156
2.520000000000002,-0.340972400766,-0.112484582967,16.1314504784,6.20893576519,0.10566525153,0.0,-0.718931776635,-0.194815085238,4.46956502947,-0.149461292588,0.119285183728,0.0,503.36743806509577,504.750858030642,503.76891447219435,505.2821753231475
2.580000000000002,-0.386030625866,-0.125529088655,16.3997846431,6.20031601775,0.113347382811,0.0,-0.783663217286,-0.240762749827,4.47471164507,-0.134055019815,0.141433104057,0.0,426.8213187803624,428.72289607056365,426.7511693900625,428.0440070827743
2.640000000000002,-0.435299403576,-0.141614873929,16.6699966267,6.19226376268,0.12189864323,0.0,-0.859417524088,-0.296166940821,4.53191014328,-0.134504063901,0.144610202401,0.0,443.9847677391058,444.2643199498116,445.7086822251955,445.6554284378445
2.700000000000002,-0.489380769708,-0.161253316272,16.9444072419,6.18407058639,0.130369796774,0.0,-0.944105580274,-0.359207547725,4.61452581075,-0.140997156603,0.133275398363,0.0,454.3677484732095,453.4760431137118,454.1019890371424,453.5639082429396
2.760000000000002,-0.549254948752,-0.185248896872,17.2278009194,6.17541876755,0.138418692523,0.0,-1.05253483498,-0.441549528395,4.83071259175,-0.151509158239,0.135837421027,0.0,494.69219470919734,494.89540540586626,495.65857790801783,494.86817627126925
2.820000000000002,-0.614806806574,-0.21359860806,17.5168798138,6.16596790391,0.146207403936,0.0,-1.13320858279,-0.504201585921,4.80508841111,-0.173555838738,0.113687997143,0.0,423.8379578616467,421.94581752792635,423.3450287183656,421.4179656338089
2.880000000000002,-0.685904450368,-0.246329271889,17.8082302098,6.1552677168,0.153308877401,0.0,-1.23735725664,-0.587816798168,4.90580933528,-0.190185616111,0.126352940925,0.0,463.1430633319026,464.15008233703867,464.35161983458147,463.0154922045191
2.940000000000002,-0.763546980982,-0.284418042733,18.1064833383,6.14360632736,0.161128850041,0.0,-1.35145240682,-0.68292305528,5.03496559314,-0.204356095247,0.137288464469,0.0,473.47985616279027,474.3348602213452,474.6489762691017,473.5255440531831
3.000000000000002,-0.848879506196,-0.329041023135,18.4164656712,6.13118873185,0.169202792404,0.0,-1.49378550349,-0.805839232346,5.29601480743,-0.212744165214,0.128480045128,0.0,514.5780451691031,513.9680206438173,514.6390510662338,514.0090940632625
3.0600000000000023,-0.941203745375,-0.379784994181,18.7319531297,6.11792051296,0.17740305312,0.0,-1.58435050672,-0.886620609121,5.22016502721,-0.248576538582,0.149392812226,0.0,412.16144364134834,414.0244222965112,415.4172030847021,412.20804434449565
3.1200000000000023,-1.0397060192,-0.436146325083,19.0461594591,6.10314287516,0.186247635705,0.0,-1.69983807335,-0.993368772627,5.25263549769,-0.242088684058,0.143120783924,0.0,449.65246646260323,449.16407844978824,450.3135268965295,450.77826387047855
3.1800000000000024,-1.1457351959,-0.499590682871,19.3644529824,6.08880307246,0.194587028691,0.0,-1.83522520894,-1.12275270154,5.3559639656,-0.233446846276,0.129100675192,0.0,474.7312764532561,473.67058834541734,473.192294918321,473.8039433720098
3.2400000000000024,-1.25958915431,-0.570618754106,19.6865087403,6.07519038929,0.202415020003,0.0,-1.96057035068,-1.24599419114,5.37845685358,-0.216232228339,0.133064461812,0.0,450.54529678393527,450.8810453295508,450.3582780720783,451.69814994797946
3.3000000000000025,-1.38048234463,-0.648642437668,20.006839222,6.06208763209,0.21028183147,0.0,-2.06986138512,-1.35577686843,5.29899445334,-0.223052592112,0.126899342024,0.0,419.25813766692187,418.73893388620803,417.85147636457094,417.2057082343529
3.3600000000000025,-1.50848202465,-0.733883297026,20.3242475316,6.04960223709,0.217795866291,0.0,-2.19742728247,-1.48658791941,5.28065947148,-0.188281438697,0.121679567572,0.0,439.45508327634883,439.0365677101823,438.9627802435609,441.7948893376265
3.4200000000000026,-1.64495217178,-0.827887049264,20.643443191,6.03806240803,0.225505491658,0.0,-2.35219940889,-1.6477778668,5.35799285923,-0.201976784349,0.139471770222,0.0,471.1379167779696,472.5256194383908,473.0939669935194,472.00422150767383
3.4800000000000026,-1.7907900191,-0.931694969897,20.9668183056,6.02652981793,0.233569899922,0.0,-2.50973973909,-1.81339576692,5.41996172903,-0.177638638477,0.12164014425,0.0,470.99396146842815,469.627967638536,468.71268264829433,470.56628673959887
3.5400000000000027,-1.94555388331,-1.04491310536,21.2910197445,6.01593258486,0.24097855205,0.0,-2.64965700503,-1.96131983305,5.38610371972,-0.174661195947,0.126916752875,0.0,440.8584455943311,441.3082409076933,441.22268935331476,441.438183775807
3.6000000000000028,-2.10745900783,-1.16568103066,21.6076872535,6.00559109785,0.248333340243,0.0,-2.74783177469,-2.06503011252,5.16988868055,-0.16811537244,0.112081883351,0.0,377.31060028976964,375.89169476003303,374.8209155783337,375.422137549105
3.660000000000003,-2.27636727388,-1.29388718083,21.9151705811,5.99539773797,0.255489965481,0.0,-2.88302585438,-2.20923409269,5.07916995854,-0.173691013359,0.130751014738,0.0,421.51155214698963,423.1356009765191,422.5248753021287,422.01442801904733
3.720000000000003,-2.45424329693,-1.43168967561,22.2198002796,5.98506864183,0.262814705588,0.0,-3.04678284805,-2.38489793772,5.07416746466,-0.169242004008,0.092682552393,0.0,454.8302114308535,451.7828170582135,452.43152526103836,452.76177882583005
3.780000000000003,-2.64310132063,-1.58132152421,22.5276408043,5.975486154,0.26817262858,0.0,-3.24881130208,-2.60346579602,5.18550012107,-0.145399049857,0.081492784069,0.0,494.14150916266254,493.32153019017983,490.41668414799875,492.16278233785977
3.840000000000003,-2.84381451163,-1.74382429906,22.8406942633,5.96669054185,0.272869993366,0.0,-3.44190971254,-2.81382570735,5.2482060781,-0.149093257443,0.0709628624503,0.0,481.481950499188,480.6888256107478,480.5608551025831,480.26231536527285
3.900000000000003,-3.05558681277,-1.91841184441,23.1552651406,5.95739515378,0.276990964667,0.0,-3.61745436701,-3.00635175367,5.23649315994,-0.170318963488,0.0636838013902,0.0,458.7363160127404,458.16120252509285,461.46249601614556,459.76132976855115
3.960000000000003,-3.27740880741,-2.10406964196,23.4671396423,5.94742839443,0.280878958508,0.0,-3.77693881398,-3.18294104654,5.15867614409,-0.158813793758,0.066942541884,0.0,438.8240509344723,439.09768357538877,438.9332128141361,439.86041201507925
4.020000000000002,-3.5094154032,-2.3010877035,23.7760008852,5.93813177618,0.285101126924,0.0,-3.95689247464,-3.38492466344,5.13564559627,-0.148158594147,0.0764644263654,0.0,459.78493438647126,460.5424427011049,458.65168827863533,459.4754281742531
4.080000000000001,-3.75234557934,-2.51041827807,24.0834798885,5.92936602687,0.289797710145,0.0,-4.14109085456,-3.59328985909,5.1125380245,-0.142264523626,0.0816722134021,0.0,461.5704492446944,461.9859823546561,462.01912553321006,462.4646139479361
4.14,-4.00588159864,-2.73176058798,24.3877434497,5.92070174866,0.295254059852,0.0,-4.31052505955,-3.78533991989,5.02879808056,-0.149064808905,0.104947604804,0.0,443.12129039075097,445.0377563380967,443.55070094168144,442.97212845462326
4.199999999999998,-4.26978639438,-2.96486937803,24.687162241,5.91147615945,0.301332540918,0.0,-4.48676820301,-3.98550477011,4.9508872824,-0.165344468774,0.0928070968625,0.0,448.86771615195005,447.88985075986756,447.68839264634966,446.3389959616441
4.259999999999997,-4.54501912393,-3.21087872639,24.9836890026,5.90173637497,0.307687255172,0.0,-4.6880284351,-4.2153276602,4.93187674798,-0.156901876881,0.123997428284,0.0,468.57383510275275,471.00162174937054,470.42367322589604,471.05360737429515
4.319999999999996,-4.83155302296,-3.46977141145,25.2762793652,5.89244434425,0.314776528458,0.0,-4.86365123134,-4.41498932119,4.82022841367,-0.151084771091,0.102703795134,0.0,441.6254489068973,439.87747897684176,441.82299648226484,442.2796498176458
4.379999999999995,-5.12959658786,-3.74177086113,25.56444014,5.88367297659,0.320941488178,0.0,-5.0715017891,-4.65208035667,4.78365357624,-0.137865711536,0.102840166747,0.0,470.4671902525655,470.48627731231744,468.8970575763531,469.9042630650383
4.439999999999993,-5.43988433696,-4.02772355146,25.8492762144,5.87558825497,0.327675666525,0.0,-5.27184880516,-4.88007746093,4.70961024269,-0.129144873791,0.126392131371,0.0,459.63029390196857,461.5039965666515,459.8873782063212,460.56170655288275
4.499999999999992,-5.76210695901,-4.32722337725,26.1289259916,5.86843363124,0.336345161327,0.0,-5.46946566204,-5.10359667365,4.61083556922,-0.104513473706,0.16695086723,0.0,453.2442493403753,456.5110150444203,453.6265665864041,455.5879423715622
4.559999999999991,-6.09672918618,-4.64067729532,26.403490024,5.86179640422,0.346047668255,0.0,-5.68522904395,-5.34503835081,4.53975219498,-0.127055294363,0.14836001132,0.0,468.9091550910853,467.48546826646856,467.7267710626531,465.9568386510871
4.6199999999999894,-6.44495886315,-4.96927383795,26.6748400262,5.85479940226,0.354464317324,0.0,-5.92288536839,-5.60831638404,4.5033272975,-0.101288629254,0.114690907543,0.0,484.4859401993655,481.96296298326286,482.1190732887177,484.0511349274858
4.679999999999988,-6.80768619536,-5.31386606382,26.9440097342,5.84829038024,0.361213445374,0.0,-6.16831529794,-5.878166509,4.46710713532,-0.129480236997,0.107667772346,0.0,487.52439978559624,487.0092032678551,488.73323141240695,486.61713006716144
4.739999999999987,-7.18489046094,-5.67433460046,27.2098922189,5.84058573726,0.367309103451,0.0,-6.40543831567,-6.13769040122,4.3938800534,-0.126355235655,0.0852838940466,0.0,480.5671267945877,478.874790003257,478.5883659949053,478.81245866950115
4.799999999999986,-7.57543485388,-6.04938111079,27.4688353112,5.83293333298,0.372325947277,0.0,-6.61307551774,-6.36430759063,4.23645082655,-0.130019060296,0.0800482353531,0.0,454.0112871748474,453.5964072293578,452.6673742964323,452.3577990374626
4.859999999999984,-7.98059995243,-6.44044569921,27.7229075404,5.82510781404,0.377155675217,0.0,-6.89237935665,-6.6712181754,4.23014639777,-0.131249575846,0.0813747213052,0.0,510.00212830389745,510.10119392688927,507.50263896360303,507.4010034064133
4.919999999999983,-8.40225501916,-6.84964392969,27.9755159899,5.81676841299,0.382056197908,0.0,-7.16278777231,-6.96881940769,4.18780145433,-0.162677563524,0.0822696455327,0.0,502.7557777764453,502.8251846826495,502.9441008326922,500.64564577940945
4.979999999999982,-8.83960500259,-7.27613391303,28.2239330526,5.80677654156,0.387401403843,0.0,-7.4156364078,-7.24780291446,4.09064345741,-0.175622998657,0.100071872475,0.0,487.424634140863,488.7594266671518,490.39562129831523,489.4088846703155
5.0399999999999805,-9.2922717571,-7.71956127004,28.4663523781,5.79575782381,0.393527914467,0.0,-7.67335019165,-7.5333722196,3.98767372498,-0.208862373741,0.105895979437,0.0,491.705072965657,492.14442017605666,493.579405961912,491.0889922666483
